1154115664 1154179914 1154250642 1154314929 1154385656 1154449904 1154514154 1154584882 1154649169 1154719896 1154784144 1154848260 1154918653 1154983878 1155054270 1155118384 1155182500 1155252894 1155318118 1155388511 1155452624 1155516611 1155586683 1155652809 1155722880 1155786864 1155850851 1155920923 1155987049 1156057120 1156121104 1156184966
1158034432 1158079301 1158128374 1158173149 1158222220 1158267088 1158311957 1158361030 1158405805 1158454876 1158499744 1158544522 1158593399 1158638747 1158687623 1158732400 1158777178 1158826055 1158871403 1158920279 1158965056 1159009745 1159058438 1159104333 1159153024 1159197712 1159242401 1159291094 1159336989 1159385680 1159430368 1159474971
1160197072 1160254685 1160317466 1160374873 1160437652 1160495264 1160552877 1160615658 1160673065 1160735844 1160793456 1160850954 1160913511 1160971595 1161034152 1161091648 1161149146 1161211703 1161269787 1161332344 1161389840 1161447226 1161509573 1161568300 1161630649 1161688032 1161745418 1161807765 1161866492 1161928841 1161986224 1162043500
1162359712 1162430070 1162506558 1162576597 1162653085 1162723440 1162793798 1162870286 1162940326 1163016813 1163087168 1163157387 1163233624 1163304444 1163380680 1163450896 1163521115 1163597352 1163668172 1163744408 1163814624 1163884706 1163960710 1164032269 1164108273 1164178352 1164248434 1164324438 1164395997 1164472001 1164542080 1164612028
1164522400 1164605502 1164695699 1164778370 1164868565 1164951664 1165034766 1165124963 1165207634 1165297829 1165380928 1165463867 1165553784 1165637340 1165727256 1165810192 1165893131 1165983048 1166041558 1166086517 1166127984 1166169374 1166214203 1166256399 1166301229 1166342616 1166384006 1166428835 1166471031 1166515861 1166557248 1166598558
1166350784 1166398707 1166450660 1166498311 1166550262 1166598184 1166646107 1166698060 1166745711 1166797663 1166845584 1166893414 1166945212 1166993358 1167045156 1167092984 1167140814 1167192612 1167240758 1167292556 1167340384 1167388121 1167439779 1167488391 1167540049 1167587784 1167635521 1167687180 1167735791 1167787449 1167835184 1167882830
1167432112 1167486407 1167545213 1167599181 1167657987 1167712280 1167766575 1167825381 1167879349 1167938155 1167992448 1168046638 1168105276 1168159790 1168218429 1168272616 1168326806 1168385444 1168439958 1168498597 1168552784 1168606870 1168665355 1168720383 1168778869 1168832952 1168887038 1168945524 1169000551 1169059037 1169113120 1169167103
1168513440 1168574108 1168639768 1168700051 1168765711 1168826376 1168887044 1168952704 1169012987 1169078647 1169139312 1169199862 1169265341 1169326222 1169391701 1169452248 1169512798 1169578277 1169639159 1169704637 1169765184 1169825618 1169890932 1169952376 1170017689 1170078120 1170138554 1170203868 1170265312 1170330625 1170391056 1170451375
1169594784 1169661824 1169734338 1169800937 1169873451 1169940488 1170007528 1170080042 1170146642 1170219155 1170286192 1170353102 1170425421 1170492671 1170564989 1170631896 1170698807 1170771125 1170838375 1170910693 1170977600 1171044382 1171116524 1171184384 1171256526 1171323304 1171390086 1171462228 1171530088 1171602230 1171669008 1171735663
1170676128 1170749540 1170828908 1170901824 1170981192 1171054600 1171128012 1171207380 1171280296 1171359664 1171433072 1171506343 1171585501 1171659119 1171738277 1171811544 1171884815 1171963973 1172037591 1172116749 1172190016 1172263146 1172342116 1172416392 1172495362 1172568488 1172641619 1172720588 1172794864 1172873834 1172946960 1173019952
1171757472 1171837256 1171923478 1172002710 1172088932 1172168712 1172248496 1172334718 1172413950 1172500172 1172579952 1172659583 1172745581 1172825567 1172911566 1172991192 1173070823 1173156821 1173236807 1173322806 1173402432 1173481911 1173567708 1173648400 1173734198 1173813672 1173893151 1173978949 1174059640 1174145438 1174224912 1174304240
1172838816 1172924972 1173018048 1173103596 1173196672 1173282824 1173368981 1173462056 1173547604 1173640680 1173726832 1173812823 1173905661 1173992015 1174084854 1174170840 1174256831 1174349670 1174420572 1174466991 1174509984 1174552897 1174599211 1174642764 1174689077 1174731988 1174774901 1174821215 1174864768 1174911081 1174953992 1174996824
1173919648 1174012175 1174112103 1174203965 1174303893 1174396416 1174447032 1174496996 1174542927 1174592891 1174639152 1174685327 1174735166 1174781525 1174831364 1174877536 1174923711 1174973550 1175019909 1175069748 1175115920 1175162007 1175211733 1175258494 1175308220 1175354304 1175400391 1175450117 1175496878 1175546604 1175592688 1175638687
1174703104 1174752553 1174805945 1174855034 1174908424 1174957872 1175007321 1175060713 1175109802 1175163192 1175212640 1175261994 1175315254 1175364798 1175418055 1175467408 1175516762 1175570022 1175619566 1175672823 1175722176 1175771436 1175824577 1175874546 1175927685 1175976944 1176026204 1176079345 1176129314 1176182453 1176231712 1176280878
1175243824 1175296459 1175353278 1175405525 1175462342 1175514976 1175567611 1175624430 1175676677 1175733494 1175786128 1175838662 1175895341 1175948069 1176004747 1176057280 1176109814 1176166493 1176219221 1176275899 1176328432 1176380866 1176437420 1176490597 1176547151 1176599584 1176652018 1176708572 1176761749 1176818303 1176870736 1176923071
1175784544 1175840365 1175900611 1175956016 1176016260 1176072080 1176127901 1176188147 1176243552 1176303796 1176359616 1176415330 1176475429 1176531341 1176591439 1176647152 1176702866 1176762965 1176818877 1176878975 1176934688 1176990296 1177050264 1177106649 1177166618 1177222224 1177277832 1177337800 1177394185 1177454154 1177509760 1177565263
1176325216 1176384223 1176447896 1176506459 1176570130 1176629136 1176688143 1176751816 1176810379 1176874050 1176933056 1176991951 1177055469 1177114565 1177178083 1177236976 1177295871 1177359389 1177418485 1177482004 1177540896 1177599678 1177663060 1177722653 1177786036 1177844816 1177903599 1177966980 1178026573 1178089956 1178148736 1178207407
1176865888 1176928081 1176995181 1177056901 1177124001 1177186192 1177248385 1177315485 1177377205 1177444305 1177506496 1177568571 1177635509 1177697789 1177764728 1177826800 1177888875 1177955813 1178018093 1178085032 1178147104 1178209061 1178275856 1178338657 1178405454 1178467408 1178529365 1178596161 1178658962 1178725758 1178787712 1178849551
1177406560 1177471939 1177542466 1177607344 1177677871 1177743248 1177808627 1177879154 1177944033 1178014559 1178079936 1178145191 1178215549 1178281013 1178351372 1178416624 1178481879 1178552237 1178617702 1178688060 1178753312 1178818443 1178888653 1178954662 1179024872 1179090000 1179155131 1179225341 1179291350 1179361560 1179426688 1179491695
1177947232 1178015798 1178089751 1178157788 1178231741 1178300304 1178368870 1178442823 1178510860 1178584813 1178653376 1178721811 1178795590 1178864238 1178938016 1179006448 1179074883 1179148662 1179217310 1179291088 1179359520 1179427825 1179501449 1179570666 1179644290 1179712592 1179780897 1179854521 1179923738 1179997362 1180065664 1180133839
1178487904 1178559656 1178637036 1178708231 1178785611 1178857360 1178929112 1179006493 1179077688 1179155067 1179226816 1179298431 1179375630 1179447462 1179524660 1179596272 1179667887 1179745086 1179816918 1179894116 1179965728 1180037207 1180114245 1180186670 1180263708 1180335184 1180406663 1180483701 1180556126 1180633164 1180704640 1180775983
1179028576 1179103514 1179184322 1179258674 1179339481 1179414416 1179489354 1179570162 1179644515 1179725321 1179800256 1179875051 1179955670 1180030686 1180111304 1180186096 1180260891 1180341510 1180416526 1180497144 1180571936 1180646589 1180727041 1180802674 1180883126 1180957776 1181032429 1181112881 1181188514 1181268966 1181343616 1181418127
1179569248 1179647372 1179731607 1179809118 1179893351 1179971472 1180049596 1180133831 1180211342 1180295575 1180373696 1180451671 1180535710 1180613910 1180697948 1180775920 1180853895 1180937934 1181016134 1181100172 1181178144 1181255971 1181339837 1181418678 1181502544 1181580368 1181658195 1181742061 1181820902 1181904769 1181982592 1182060272
1180109920 1180191230 1180278892 1180359561 1180447221 1180528528 1180609838 1180697500 1180778169 1180865829 1180947136 1181028291 1181115750 1181197134 1181284592 1181365744 1181446899 1181534358 1181615742 1181703200 1181784352 1181865353 1181952633 1182034682 1182121963 1182202960 1182283961 1182371241 1182453290 1182540571 1182621568 1182702416
1180650592 1180735088 1180826177 1180910004 1181001091 1181085584 1181170080 1181261169 1181344996 1181436083 1181520576 1181604911 1181695790 1181780358 1181871236 1181955568 1182039904 1182130782 1182215350 1182306229 1182390560 1182474735 1182565429 1182650686 1182741381 1182809640 1182851728 1182897075 1182939703 1182985051 1183027136 1183069144
1181191264 1181278946 1181373462 1181460447 1181554961 1181642640 1181730322 1181824838 1181911823 1182006337 1182094016 1182181532 1182275830 1182363582 1182457881 1182545392 1182632908 1182727206 1182804343 1182851493 1182895248 1182938923 1182985977 1183030209 1183077264 1183120936 1183164611 1183211665 1183255897 1183302952 1183346624 1183390217
1181731936 1181822804 1181920747 1182010890 1182108831 1182199696 1182290565 1182388507 1182478649 1182576592 1182667456 1182758152 1182824799 1182870267 1182919127 1182964472 1183009820 1183058679 1183104147 1183153007 1183198352 1183243614 1183292375 1183338211 1183386973 1183432232 1183477495 1183526255 1183572091 1183620853 1183666112 1183711289
1182272608 1182366663 1182468032 1182561332 1182662702 1182756752 1182822268 1182872952 1182919602 1182970287 1183017312 1183064250 1183114819 1183161879 1183212449 1183259384 1183306322 1183356891 1183403951 1183454521 1183501456 1183548306 1183598773 1183646213 1183696682 1183743528 1183790378 1183840845 1183888286 1183938754 1183985600 1184032361
1182803504 1182852125 1182904523 1182952752 1183005150 1183053768 1183102389 1183154787 1183203016 1183255414 1183304032 1183352561 1183404839 1183453491 1183505771 1183554296 1183602825 1183655103 1183703755 1183756035 1183804560 1183852997 1183905171 1183954216 1184006391 1184054824 1184103261 1184155435 1184204480 1184256655 1184305088 1184353433
1183073856 1183124069 1183178181 1183227990 1183282100 1183332312 1183382525 1183436637 1183486446 1183540557 1183590768 1183640886 1183694875 1183745119 1183799108 1183849224 1183899342 1183953331 1184003575 1184057564 1184107680 1184157703 1184211585 1184262234 1184316115 1184366136 1184416159 1184470041 1184520690 1184574572 1184624592 1184674520
1183344208 1183396014 1183451840 1183503227 1183559052 1183610856 1183662662 1183718488 1183769875 1183825700 1183877504 1183929212 1183984911 1184036747 1184092446 1184144152 1184195860 1184251559 1184303395 1184359094 1184410800 1184462410 1184517999 1184570251 1184625841 1184677448 1184729058 1184784647 1184836899 1184892489 1184944096 1184995608
1183614560 1183667959 1183725498 1183778464 1183836003 1183889400 1183942799 1184000338 1184053304 1184110843 1184164240 1184217538 1184274947 1184328375 1184385784 1184439080 1184492378 1184549787 1184603215 1184660625 1184713920 1184767117 1184824413 1184878269 1184935566 1184988760 1185041957 1185099253 1185153109 1185210406 1185263600 1185316696
