1132986496 1133078829 1133171732 1133260013 1133352916 1133445248 1133537581 1133630484 1133718765 1133811668 1133904000 1133995796 1134089408 1134177344 1134270957 1134362752
1137443008 1137588142 1137733876 1137873037 1138018772 1138163904 1138309038 1138454772 1138593933 1138739668 1138884800 1139029204 1139175936 1139314560 1139461293 1139605696
1141374976 1141473943 1141573226 1141668247 1141767530 1141866496 1141965463 1142064746 1142159767 1142259050 1142358016 1142456522 1142556448 1142651104 1142751031 1142849536
1143603008 1143728375 1143854074 1143974535 1144100234 1144225600 1144350967 1144476666 1144597127 1144722826 1144848192 1144973002 1145099488 1145219488 1145345975 1145470784
1145831232 1145982999 1146135114 1146281015 1146433131 1146584896 1146736663 1146888778 1147034679 1147186795 1147338560 1147489675 1147642720 1147788064 1147941112 1148092224
1148059456 1148237624 1148416154 1148587495 1148766027 1148944192 1149122360 1149270093 1149355764 1149445030 1149534112 1149622822 1149712624 1149797968 1149887772 1149976480
1149763456 1149865740 1149968213 1150066604 1150169077 1150271360 1150373644 1150476117 1150574508 1150676981 1150779264 1150881125 1150984208 1151082224 1151185308 1151287168
1150877504 1150992988 1151108669 1151219780 1151335461 1151450944 1151566428 1151682109 1151793220 1151908902 1152024384 1152139397 1152255760 1152366448 1152482812 1152597824
1151991616 1152120300 1152249189 1152373020 1152501910 1152630592 1152759276 1152888165 1153011996 1153140886 1153269568 1153397733 1153527376 1153650736 1153780380 1153908544
1153105728 1153247612 1153389709 1153526260 1153668358 1153810240 1153952124 1154094221 1154230772 1154372870 1154514752 1154656069 1154798992 1154935024 1155077948 1155219264
1154219840 1154374924 1154530229 1154679500 1154834806 1154989888 1155144972 1155300277 1155449548 1155604854 1155759936 1155914405 1156070608 1156219312 1156375516 1156529984
1155333952 1155502236 1155670749 1155832740 1156001254 1156169536 1156337820 1156506333 1156668324 1156836838 1157005120 1157172741 1157342224 1157503600 1157650494 1157734304
1156448064 1156629548 1156811269 1156985980 1157167702 1157349184 1157530668 1157670147 1157757502 1157848363 1157939104 1158029491 1158120872 1158207896 1158299278 1158389664
1157562176 1157692382 1157789847 1157883562 1157981027 1158078368 1158175711 1158273175 1158366890 1158464355 1158561696 1158658659 1158756680 1158850040 1158948062 1159045024
1158152192 1158256134 1158360203 1158460278 1158564347 1158668288 1158772230 1158876299 1158976374 1159080443 1159184384 1159287923 1159392584 1159492280 1159596942 1159700480
1158709440 1158819982 1158930655 1159037090 1159147763 1159258304 1159368846 1159479519 1159585954 1159696627 1159807168 1159917283 1160028584 1160134616 1160245918 1160356032
1159266496 1159383638 1159500915 1159613710 1159730987 1159848128 1159965270 1160082547 1160195342 1160312619 1160429760 1160546451 1160664392 1160776760 1160894702 1161011392
1159823552 1159947294 1160071175 1160190330 1160314211 1160437952 1160561694 1160685575 1160804730 1160928611 1161052352 1161175619 1161300200 1161418904 1161543487 1161666752
1160380608 1160510950 1160641435 1160766950 1160897435 1161027776 1161158118 1161288603 1161414118 1161544603 1161674944 1161804787 1161936008 1162061048 1162192271 1162322112
1160937664 1161074606 1161211695 1161343570 1161480659 1161617600 1161754543 1161891631 1162023506 1162160595 1162297536 1162433955 1162571816 1162703192 1162841055 1162977472
1161494720 1161638262 1161781955 1161920190 1162063883 1162207424 1162350967 1162494659 1162632894 1162776587 1162920128 1163063123 1163207624 1163345336 1163489839 1163632832
1162051776 1162201919 1162352215 1162496810 1162647107 1162797248 1162947391 1163097687 1163242282 1163392579 1163542720 1163692292 1163843432 1163987480 1164138623 1164288192
1162608832 1162765575 1162922475 1163073430 1163230331 1163387072 1163543815 1163700715 1163851670 1164008572 1164165312 1164321460 1164479240 1164629624 1164787407 1164943552
1163165888 1163329231 1163492735 1163650050 1163813555 1163976896 1164140239 1164303743 1164461058 1164624564 1164787904 1164950628 1165115048 1165271768 1165436191 1165598912
1163722944 1163892887 1164062995 1164226670 1164396780 1164566720 1164736663 1164906771 1165070446 1165240556 1165410496 1165579796 1165750856 1165913912 1166050744 1166135392
1164280000 1164456543 1164633255 1164803290 1164980004 1165156544 1165333087 1165509799 1165679834 1165856548 1166024800 1166112738 1166201588 1166286284 1166375136 1166463072
1164837056 1165020199 1165203515 1165379910 1165563228 1165746368 1165929511 1166064670 1166152867 1166244526 1166336096 1166427322 1166519492 1166607356 1166699528 1166790752
1165394112 1165583855 1165773775 1165956530 1166081482 1166176352 1166271224 1166366184 1166457561 1166552522 1166647392 1166741906 1166837396 1166928428 1167023920 1167118432
1165951168 1166082012 1166180274 1166274831 1166373094 1166471264 1166569436 1166667698 1166762255 1166860518 1166958688 1167056490 1167155300 1167249500 1167348312 1167446112
1166262368 1166363840 1166465404 1166563141 1166664706 1166766176 1166867648 1166969212 1167066949 1167168514 1167269984 1167371074 1167473204 1167570572 1167672704 1167773792
1166540928 1166645699 1166750566 1166851483 1166956350 1167061120 1167165891 1167270758 1167371675 1167476542 1167581312 1167685690 1167791140 1167891676 1167997127 1168101504
1166819520 1166927591 1167035760 1167139857 1167248026 1167356096 1167464167 1167572336 1167676433 1167784602 1167892672 1168000338 1168109108 1168212812 1168321583 1168429248
