1.00 1.10 1.20 1.30 1.40 1.50 1.60 1.70 1.80 1.90 2.00 2.10 2.20 2.30 2.40 2.50 2.60 2.70 2.80 2.90 3.00 3.10 3.20 3.30 3.40 3.50 3.60 3.70 3.80 3.90 4.00 4.10 4.20 4.30 4.40 4.50 4.60 4.70 4.80 4.90 5.00 5.10 5.20 5.30 5.40 5.50 5.60 5.70 5.80 5.90 6.00 6.10 6.20 6.30 6.40 6.50 6.60 6.70 6.80 6.90 7.00 7.10 7.20 7.30
2.00 2.10 2.20 2.30 2.40 2.50 2.60 2.70 2.80 2.90 3.00 3.10 3.20 3.30 3.40 3.50 3.60 3.70 3.80 3.90 4.00 4.10 4.20 4.30 4.40 4.50 4.60 4.70 4.80 4.90 5.00 5.10 5.20 5.30 5.40 5.50 5.60 5.70 5.80 5.90 6.00 6.10 6.20 6.30 6.40 6.50 6.60 6.70 6.80 6.90 7.00 7.10 7.20 7.30 7.40 7.50 7.60 7.70 7.80 7.90 8.00 8.10 8.20 8.30
3.00 3.10 3.20 3.30 3.40 3.50 3.60 3.70 3.80 3.90 4.00 4.10 4.20 4.30 4.40 4.50 4.60 4.70 4.80 4.90 5.00 5.10 5.20 5.30 5.40 5.50 5.60 5.70 5.80 5.90 6.00 6.10 6.20 6.30 6.40 6.50 6.60 6.70 6.80 6.90 7.00 7.10 7.20 7.30 7.40 7.50 7.60 7.70 7.80 7.90 8.00 8.10 8.20 8.30 8.40 8.50 8.60 8.70 8.80 8.90 9.00 9.10 9.20 9.30
4.00 4.10 4.20 4.30 4.40 4.50 4.60 4.70 4.80 4.90 5.00 5.10 5.20 5.30 5.40 5.50 5.60 5.70 5.80 5.90 6.00 6.10 6.20 6.30 6.40 6.50 6.60 6.70 6.80 6.90 7.00 7.10 7.20 7.30 7.40 7.50 7.60 7.70 7.80 7.90 8.00 8.10 8.20 8.30 8.40 8.50 8.60 8.70 8.80 8.90 9.00 9.10 9.20 9.30 9.40 9.50 9.60 9.70 9.80 9.90 10.00 10.10 10.20 10.30
5.00 5.10 5.20 5.30 5.40 5.50 5.60 5.70 5.80 5.90 6.00 6.10 6.20 6.30 6.40 6.50 6.60 6.70 6.80 6.90 7.00 7.10 7.20 7.30 7.40 7.50 7.60 7.70 7.80 7.90 8.00 8.10 8.20 8.30 8.40 8.50 8.60 8.70 8.80 8.90 9.00 9.10 9.20 9.30 9.40 9.50 9.60 9.70 9.80 9.90 10.00 10.10 10.20 10.30 10.40 10.50 10.60 10.70 10.80 10.90 11.00 11.10 11.20 11.30
6.00 6.10 6.20 6.30 6.40 6.50 6.60 6.70 6.80 6.90 7.00 7.10 7.20 7.30 7.40 7.50 7.60 7.70 7.80 7.90 8.00 8.10 8.20 8.30 8.40 8.50 8.60 8.70 8.80 8.90 9.00 9.10 9.20 9.30 9.40 9.50 9.60 9.70 9.80 9.90 10.00 10.10 10.20 10.30 10.40 10.50 10.60 10.70 10.80 10.90 11.00 11.10 11.20 11.30 11.40 11.50 11.60 11.70 11.80 11.90 12.00 12.10 12.20 12.30
7.00 7.10 7.20 7.30 7.40 7.50 7.60 7.70 7.80 7.90 8.00 8.10 8.20 8.30 8.40 8.50 8.60 8.70 8.80 8.90 9.00 9.10 9.20 9.30 9.40 9.50 9.60 9.70 9.80 9.90 10.00 10.10 10.20 10.30 10.40 10.50 10.60 10.70 10.80 10.90 11.00 11.10 11.20 11.30 11.40 11.50 11.60 11.70 11.80 11.90 12.00 12.10 12.20 12.30 12.40 12.50 12.60 12.70 12.80 12.90 13.00 13.10 13.20 13.30
8.00 8.10 8.20 8.30 8.40 8.50 8.60 8.70 8.80 8.90 9.00 9.10 9.20 9.30 9.40 9.50 9.60 9.70 9.80 9.90 10.00 10.10 10.20 10.30 10.40 10.50 10.60 10.70 10.80 10.90 11.00 11.10 11.20 11.30 11.40 11.50 11.60 11.70 11.80 11.90 12.00 12.10 12.20 12.30 12.40 12.50 12.60 12.70 12.80 12.90 13.00 13.10 13.20 13.30 13.40 13.50 13.60 13.70 13.80 13.90 14.00 14.10 14.20 14.30
9.00 9.10 9.20 9.30 9.40 9.50 9.60 9.70 9.80 9.90 10.00 10.10 10.20 10.30 10.40 10.50 10.60 10.70 10.80 10.90 11.00 11.10 11.20 11.30 11.40 11.50 11.60 11.70 11.80 11.90 12.00 12.10 12.20 12.30 12.40 12.50 12.60 12.70 12.80 12.90 13.00 13.10 13.20 13.30 13.40 13.50 13.60 13.70 13.80 13.90 14.00 14.10 14.20 14.30 14.40 14.50 14.60 14.70 14.80 14.90 15.00 15.10 15.20 15.30
10.00 10.10 10.20 10.30 10.40 10.50 10.60 10.70 10.80 10.90 11.00 11.10 11.20 11.30 11.40 11.50 11.60 11.70 11.80 11.90 12.00 12.10 12.20 12.30 12.40 12.50 12.60 12.70 12.80 12.90 13.00 13.10 13.20 13.30 13.40 13.50 13.60 13.70 13.80 13.90 14.00 14.10 14.20 14.30 14.40 14.50 14.60 14.70 14.80 14.90 15.00 15.10 15.20 15.30 15.40 15.50 15.60 15.70 15.80 15.90 16.00 16.09 16.20 16.30
11.00 11.10 11.20 11.30 11.40 11.50 11.60 11.70 11.80 11.90 12.00 12.10 12.20 12.30 12.40 12.50 12.60 12.70 12.80 12.90 13.00 13.10 13.20 13.30 13.40 13.50 13.60 13.70 13.80 13.90 14.00 14.10 14.20 14.30 14.40 14.50 14.60 14.70 14.80 14.90 15.00 15.10 15.20 15.30 15.40 15.50 15.60 15.70 15.80 15.90 16.00 16.09 16.20 16.30 16.41 16.50 16.59 16.70 16.80 16.91 17.00 17.09 17.20 17.30
12.00 12.10 12.20 12.30 12.40 12.50 12.60 12.70 12.80 12.90 13.00 13.10 13.20 13.30 13.40 13.50 13.60 13.70 13.80 13.90 14.00 14.10 14.20 14.30 14.40 14.50 14.60 14.70 14.80 14.90 15.00 15.10 15.20 15.30 15.40 15.50 15.60 15.70 15.80 15.90 16.00 16.09 16.20 16.30 16.41 16.50 16.59 16.70 16.80 16.91 17.00 17.09 17.20 17.30 17.41 17.50 17.59 17.70 17.80 17.91 18.00 18.09 18.20 18.30
13.00 13.10 13.20 13.30 13.40 13.50 13.60 13.70 13.80 13.90 14.00 14.10 14.20 14.30 14.40 14.50 14.60 14.70 14.80 14.90 15.00 15.10 15.20 15.30 15.40 15.50 15.60 15.70 15.80 15.90 16.00 16.09 16.20 16.30 16.41 16.50 16.59 16.70 16.80 16.91 17.00 17.09 17.20 17.30 17.41 17.50 17.59 17.70 17.80 17.91 18.00 18.09 18.20 18.30 18.41 18.50 18.59 18.70 18.80 18.91 19.00 19.09 19.20 19.30
14.00 14.10 14.20 14.30 14.40 14.50 14.60 14.70 14.80 14.90 15.00 15.10 15.20 15.30 15.40 15.50 15.60 15.70 15.80 15.90 16.00 16.09 16.20 16.30 16.41 16.50 16.59 16.70 16.80 16.91 17.00 17.09 17.20 17.30 17.41 17.50 17.59 17.70 17.80 17.91 18.00 18.09 18.20 18.30 18.41 18.50 18.59 18.70 18.80 18.91 19.00 19.09 19.20 19.30 19.41 19.50 19.59 19.70 19.80 19.91 20.00 20.09 20.20 20.30
15.00 15.10 15.20 15.30 15.40 15.50 15.60 15.70 15.80 15.90 16.00 16.09 16.20 16.30 16.41 16.50 16.59 16.70 16.80 16.91 17.00 17.09 17.20 17.30 17.41 17.50 17.59 17.70 17.80 17.91 18.00 18.09 18.20 18.30 18.41 18.50 18.59 18.70 18.80 18.91 19.00 19.09 19.20 19.30 19.41 19.50 19.59 19.70 19.80 19.91 20.00 20.09 20.20 20.30 20.41 20.50 20.59 20.70 20.80 20.91 21.00 21.09 21.20 21.30
16.00 16.09 16.20 16.30 16.41 16.50 16.59 16.70 16.80 16.91 17.00 17.09 17.20 17.30 17.41 17.50 17.59 17.70 17.80 17.91 18.00 18.09 18.20 18.30 18.41 18.50 18.59 18.70 18.80 18.91 19.00 19.09 19.20 19.30 19.41 19.50 19.59 19.70 19.80 19.91 20.00 20.09 20.20 20.30 20.41 20.50 20.59 20.70 20.80 20.91 21.00 21.09 21.20 21.30 21.41 21.50 21.59 21.70 21.80 21.91 22.00 22.09 22.20 22.30
17.00 17.09 17.20 17.30 17.41 17.50 17.59 17.70 17.80 17.91 18.00 18.09 18.20 18.30 18.41 18.50 18.59 18.70 18.80 18.91 19.00 19.09 19.20 19.30 19.41 19.50 19.59 19.70 19.80 19.91 20.00 20.09 20.20 20.30 20.41 20.50 20.59 20.70 20.80 20.91 21.00 21.09 21.20 21.30 21.41 21.50 21.59 21.70 21.80 21.91 22.00 22.09 22.20 22.30 22.41 22.50 22.59 22.70 22.80 22.91 23.00 23.09 23.20 23.30
18.00 18.09 18.20 18.30 18.41 18.50 18.59 18.70 18.80 18.91 19.00 19.09 19.20 19.30 19.41 19.50 19.59 19.70 19.80 19.91 20.00 20.09 20.20 20.30 20.41 20.50 20.59 20.70 20.80 20.91 21.00 21.09 21.20 21.30 21.41 21.50 21.59 21.70 21.80 21.91 22.00 22.09 22.20 22.30 22.41 22.50 22.59 22.70 22.80 22.91 23.00 23.09 23.20 23.30 23.41 23.50 23.59 23.70 23.80 23.91 24.00 24.09 24.20 24.30
19.00 19.09 19.20 19.30 19.41 19.50 19.59 19.70 19.80 19.91 20.00 20.09 20.20 20.30 20.41 20.50 20.59 20.70 20.80 20.91 21.00 21.09 21.20 21.30 21.41 21.50 21.59 21.70 21.80 21.91 22.00 22.09 22.20 22.30 22.41 22.50 22.59 22.70 22.80 22.91 23.00 23.09 23.20 23.30 23.41 23.50 23.59 23.70 23.80 23.91 24.00 24.09 24.20 24.30 24.41 24.50 24.59 24.70 24.80 24.91 25.00 25.09 25.20 25.30
20.00 20.09 20.20 20.30 20.41 20.50 20.59 20.70 20.80 20.91 21.00 21.09 21.20 21.30 21.41 21.50 21.59 21.70 21.80 21.91 22.00 22.09 22.20 22.30 22.41 22.50 22.59 22.70 22.80 22.91 23.00 23.09 23.20 23.30 23.41 23.50 23.59 23.70 23.80 23.91 24.00 24.09 24.20 24.30 24.41 24.50 24.59 24.70 24.80 24.91 25.00 25.09 25.20 25.30 25.41 25.50 25.59 25.70 25.80 25.91 26.00 26.09 26.20 26.30
21.00 21.09 21.20 21.30 21.41 21.50 21.59 21.70 21.80 21.91 22.00 22.09 22.20 22.30 22.41 22.50 22.59 22.70 22.80 22.91 23.00 23.09 23.20 23.30 23.41 23.50 23.59 23.70 23.80 23.91 24.00 24.09 24.20 24.30 24.41 24.50 24.59 24.70 24.80 24.91 25.00 25.09 25.20 25.30 25.41 25.50 25.59 25.70 25.80 25.91 26.00 26.09 26.20 26.30 26.41 26.50 26.59 26.70 26.80 26.91 27.00 27.09 27.20 27.30
22.00 22.09 22.20 22.30 22.41 22.50 22.59 22.70 22.80 22.91 23.00 23.09 23.20 23.30 23.41 23.50 23.59 23.70 23.80 23.91 24.00 24.09 24.20 24.30 24.41 24.50 24.59 24.70 24.80 24.91 25.00 25.09 25.20 25.30 25.41 25.50 25.59 25.70 25.80 25.91 26.00 26.09 26.20 26.30 26.41 26.50 26.59 26.70 26.80 26.91 27.00 27.09 27.20 27.30 27.41 27.50 27.59 27.70 27.80 27.91 28.00 28.09 28.20 28.30
23.00 23.09 23.20 23.30 23.41 23.50 23.59 23.70 23.80 23.91 24.00 24.09 24.20 24.30 24.41 24.50 24.59 24.70 24.80 24.91 25.00 25.09 25.20 25.30 25.41 25.50 25.59 25.70 25.80 25.91 26.00 26.09 26.20 26.30 26.41 26.50 26.59 26.70 26.80 26.91 27.00 27.09 27.20 27.30 27.41 27.50 27.59 27.70 27.80 27.91 28.00 28.09 28.20 28.30 28.41 28.50 28.59 28.70 28.80 28.91 29.00 29.09 29.20 29.30
24.00 24.09 24.20 24.30 24.41 24.50 24.59 24.70 24.80 24.91 25.00 25.09 25.20 25.30 25.41 25.50 25.59 25.70 25.80 25.91 26.00 26.09 26.20 26.30 26.41 26.50 26.59 26.70 26.80 26.91 27.00 27.09 27.20 27.30 27.41 27.50 27.59 27.70 27.80 27.91 28.00 28.09 28.20 28.30 28.41 28.50 28.59 28.70 28.80 28.91 29.00 29.09 29.20 29.30 29.41 29.50 29.59 29.70 29.80 29.91 30.00 30.09 30.20 30.30
25.00 25.09 25.20 25.30 25.41 25.50 25.59 25.70 25.80 25.91 26.00 26.09 26.20 26.30 26.41 26.50 26.59 26.70 26.80 26.91 27.00 27.09 27.20 27.30 27.41 27.50 27.59 27.70 27.80 27.91 28.00 28.09 28.20 28.30 28.41 28.50 28.59 28.70 28.80 28.91 29.00 29.09 29.20 29.30 29.41 29.50 29.59 29.70 29.80 29.91 30.00 30.09 30.20 30.30 30.41 30.50 30.59 30.70 30.80 30.91 31.00 31.09 31.20 31.30
26.00 26.09 26.20 26.30 26.41 26.50 26.59 26.70 26.80 26.91 27.00 27.09 27.20 27.30 27.41 27.50 27.59 27.70 27.80 27.91 28.00 28.09 28.20 28.30 28.41 28.50 28.59 28.70 28.80 28.91 29.00 29.09 29.20 29.30 29.41 29.50 29.59 29.70 29.80 29.91 30.00 30.09 30.20 30.30 30.41 30.50 30.59 30.70 30.80 30.91 31.00 31.09 31.20 31.30 31.41 31.50 31.59 31.70 31.80 31.91 32.00 32.09 32.19 32.31
27.00 27.09 27.20 27.30 27.41 27.50 27.59 27.70 27.80 27.91 28.00 28.09 28.20 28.30 28.41 28.50 28.59 28.70 28.80 28.91 29.00 29.09 29.20 29.30 29.41 29.50 29.59 29.70 29.80 29.91 30.00 30.09 30.20 30.30 30.41 30.50 30.59 30.70 30.80 30.91 31.00 31.09 31.20 31.30 31.41 31.50 31.59 31.70 31.80 31.91 32.00 32.09 32.19 32.31 32.41 32.50 32.59 32.69 32.81 32.91 33.00 33.09 33.19 33.31
28.00 28.09 28.20 28.30 28.41 28.50 28.59 28.70 28.80 28.91 29.00 29.09 29.20 29.30 29.41 29.50 29.59 29.70 29.80 29.91 30.00 30.09 30.20 30.30 30.41 30.50 30.59 30.70 30.80 30.91 31.00 31.09 31.20 31.30 31.41 31.50 31.59 31.70 31.80 31.91 32.00 32.09 32.19 32.31 32.41 32.50 32.59 32.69 32.81 32.91 33.00 33.09 33.19 33.31 33.41 33.50 33.59 33.69 33.81 33.91 34.00 34.09 34.19 34.31
29.00 29.09 29.20 29.30 29.41 29.50 29.59 29.70 29.80 29.91 30.00 30.09 30.20 30.30 30.41 30.50 30.59 30.70 30.80 30.91 31.00 31.09 31.20 31.30 31.41 31.50 31.59 31.70 31.80 31.91 32.00 32.09 32.19 32.31 32.41 32.50 32.59 32.69 32.81 32.91 33.00 33.09 33.19 33.31 33.41 33.50 33.59 33.69 33.81 33.91 34.00 34.09 34.19 34.31 34.41 34.50 34.59 34.69 34.81 34.91 35.00 35.09 35.19 35.31
30.00 30.09 30.20 30.30 30.41 30.50 30.59 30.70 30.80 30.91 31.00 31.09 31.20 31.30 31.41 31.50 31.59 31.70 31.80 31.91 32.00 32.09 32.19 32.31 32.41 32.50 32.59 32.69 32.81 32.91 33.00 33.09 33.19 33.31 33.41 33.50 33.59 33.69 33.81 33.91 34.00 34.09 34.19 34.31 34.41 34.50 34.59 34.69 34.81 34.91 35.00 35.09 35.19 35.31 35.41 35.50 35.59 35.69 35.81 35.91 36.00 36.09 36.19 36.31
31.00 31.09 31.20 31.30 31.41 31.50 31.59 31.70 31.80 31.91 32.00 32.09 32.19 32.31 32.41 32.50 32.59 32.69 32.81 32.91 33.00 33.09 33.19 33.31 33.41 33.50 33.59 33.69 33.81 33.91 34.00 34.09 34.19 34.31 34.41 34.50 34.59 34.69 34.81 34.91 35.00 35.09 35.19 35.31 35.41 35.50 35.59 35.69 35.81 35.91 36.00 36.09 36.19 36.31 36.41 36.50 36.59 36.69 36.81 36.91 37.00 37.09 37.19 37.31
32.00 32.09 32.19 32.31 32.41 32.50 32.59 32.69 32.81 32.91 33.00 33.09 33.19 33.31 33.41 33.50 33.59 33.69 33.81 33.91 34.00 34.09 34.19 34.31 34.41 34.50 34.59 34.69 34.81 34.91 35.00 35.09 35.19 35.31 35.41 35.50 35.59 35.69 35.81 35.91 36.00 36.09 36.19 36.31 36.41 36.50 36.59 36.69 36.81 36.91 37.00 37.09 37.19 37.31 37.41 37.50 37.59 37.69 37.81 37.91 38.00 38.09 38.19 38.31
