1.00 1.10 1.20 1.30 1.40 1.50 1.60 1.70 1.80 1.90 2.00 2.10 2.20 2.30 2.40 2.50 2.60 2.70 2.80 2.90 3.00 3.10 3.20 3.30 3.40 3.50 3.60 3.70 3.80 3.90 4.00 4.10
2.00 2.10 2.20 2.30 2.40 2.50 2.60 2.70 2.80 2.90 3.00 3.10 3.20 3.30 3.40 3.50 3.60 3.70 3.80 3.90 4.00 4.10 4.20 4.30 4.40 4.50 4.60 4.70 4.80 4.90 5.00 5.10
3.00 3.10 3.20 3.30 3.40 3.50 3.60 3.70 3.80 3.90 4.00 4.10 4.20 4.30 4.40 4.50 4.60 4.70 4.80 4.90 5.00 5.10 5.20 5.30 5.40 5.50 5.60 5.70 5.80 5.90 6.00 6.10
4.00 4.10 4.20 4.30 4.40 4.50 4.60 4.70 4.80 4.90 5.00 5.10 5.20 5.30 5.40 5.50 5.60 5.70 5.80 5.90 6.00 6.10 6.20 6.30 6.40 6.50 6.60 6.70 6.80 6.90 7.00 7.10
5.00 5.10 5.20 5.30 5.40 5.50 5.60 5.70 5.80 5.90 6.00 6.10 6.20 6.30 6.40 6.50 6.60 6.70 6.80 6.90 7.00 7.10 7.20 7.30 7.40 7.50 7.60 7.70 7.80 7.90 8.00 8.10
6.00 6.10 6.20 6.30 6.40 6.50 6.60 6.70 6.80 6.90 7.00 7.10 7.20 7.30 7.40 7.50 7.60 7.70 7.80 7.90 8.00 8.10 8.20 8.30 8.40 8.50 8.60 8.70 8.80 8.90 9.00 9.10
7.00 7.10 7.20 7.30 7.40 7.50 7.60 7.70 7.80 7.90 8.00 8.10 8.20 8.30 8.40 8.50 8.60 8.70 8.80 8.90 9.00 9.10 9.20 9.30 9.40 9.50 9.60 9.70 9.80 9.90 10.00 10.10
8.00 8.10 8.20 8.30 8.40 8.50 8.60 8.70 8.80 8.90 9.00 9.10 9.20 9.30 9.40 9.50 9.60 9.70 9.80 9.90 10.00 10.10 10.20 10.30 10.40 10.50 10.60 10.70 10.80 10.90 11.00 11.10
9.00 9.10 9.20 9.30 9.40 9.50 9.60 9.70 9.80 9.90 10.00 10.10 10.20 10.30 10.40 10.50 10.60 10.70 10.80 10.90 11.00 11.10 11.20 11.30 11.40 11.50 11.60 11.70 11.80 11.90 12.00 12.10
10.00 10.10 10.20 10.30 10.40 10.50 10.60 10.70 10.80 10.90 11.00 11.10 11.20 11.30 11.40 11.50 11.60 11.70 11.80 11.90 12.00 12.10 12.20 12.30 12.40 12.50 12.60 12.70 12.80 12.90 13.00 13.10
11.00 11.10 11.20 11.30 11.40 11.50 11.60 11.70 11.80 11.90 12.00 12.10 12.20 12.30 12.40 12.50 12.60 12.70 12.80 12.90 13.00 13.10 13.20 13.30 13.40 13.50 13.60 13.70 13.80 13.90 14.00 14.10
12.00 12.10 12.20 12.30 12.40 12.50 12.60 12.70 12.80 12.90 13.00 13.10 13.20 13.30 13.40 13.50 13.60 13.70 13.80 13.90 14.00 14.10 14.20 14.30 14.40 14.50 14.60 14.70 14.80 14.90 15.00 15.10
13.00 13.10 13.20 13.30 13.40 13.50 13.60 13.70 13.80 13.90 14.00 14.10 14.20 14.30 14.40 14.50 14.60 14.70 14.80 14.90 15.00 15.10 15.20 15.30 15.40 15.50 15.60 15.70 15.80 15.90 16.00 16.09
14.00 14.10 14.20 14.30 14.40 14.50 14.60 14.70 14.80 14.90 15.00 15.10 15.20 15.30 15.40 15.50 15.60 15.70 15.80 15.90 16.00 16.09 16.20 16.30 16.41 16.50 16.59 16.70 16.80 16.91 17.00 17.09
15.00 15.10 15.20 15.30 15.40 15.50 15.60 15.70 15.80 15.90 16.00 16.09 16.20 16.30 16.41 16.50 16.59 16.70 16.80 16.91 17.00 17.09 17.20 17.30 17.41 17.50 17.59 17.70 17.80 17.91 18.00 18.09
16.00 16.09 16.20 16.30 16.41 16.50 16.59 16.70 16.80 16.91 17.00 17.09 17.20 17.30 17.41 17.50 17.59 17.70 17.80 17.91 18.00 18.09 18.20 18.30 18.41 18.50 18.59 18.70 18.80 18.91 19.00 19.09
17.00 17.09 17.20 17.30 17.41 17.50 17.59 17.70 17.80 17.91 18.00 18.09 18.20 18.30 18.41 18.50 18.59 18.70 18.80 18.91 19.00 19.09 19.20 19.30 19.41 19.50 19.59 19.70 19.80 19.91 20.00 20.09
18.00 18.09 18.20 18.30 18.41 18.50 18.59 18.70 18.80 18.91 19.00 19.09 19.20 19.30 19.41 19.50 19.59 19.70 19.80 19.91 20.00 20.09 20.20 20.30 20.41 20.50 20.59 20.70 20.80 20.91 21.00 21.09
19.00 19.09 19.20 19.30 19.41 19.50 19.59 19.70 19.80 19.91 20.00 20.09 20.20 20.30 20.41 20.50 20.59 20.70 20.80 20.91 21.00 21.09 21.20 21.30 21.41 21.50 21.59 21.70 21.80 21.91 22.00 22.09
20.00 20.09 20.20 20.30 20.41 20.50 20.59 20.70 20.80 20.91 21.00 21.09 21.20 21.30 21.41 21.50 21.59 21.70 21.80 21.91 22.00 22.09 22.20 22.30 22.41 22.50 22.59 22.70 22.80 22.91 23.00 23.09
21.00 21.09 21.20 21.30 21.41 21.50 21.59 21.70 21.80 21.91 22.00 22.09 22.20 22.30 22.41 22.50 22.59 22.70 22.80 22.91 23.00 23.09 23.20 23.30 23.41 23.50 23.59 23.70 23.80 23.91 24.00 24.09
22.00 22.09 22.20 22.30 22.41 22.50 22.59 22.70 22.80 22.91 23.00 23.09 23.20 23.30 23.41 23.50 23.59 23.70 23.80 23.91 24.00 24.09 24.20 24.30 24.41 24.50 24.59 24.70 24.80 24.91 25.00 25.09
23.00 23.09 23.20 23.30 23.41 23.50 23.59 23.70 23.80 23.91 24.00 24.09 24.20 24.30 24.41 24.50 24.59 24.70 24.80 24.91 25.00 25.09 25.20 25.30 25.41 25.50 25.59 25.70 25.80 25.91 26.00 26.09
24.00 24.09 24.20 24.30 24.41 24.50 24.59 24.70 24.80 24.91 25.00 25.09 25.20 25.30 25.41 25.50 25.59 25.70 25.80 25.91 26.00 26.09 26.20 26.30 26.41 26.50 26.59 26.70 26.80 26.91 27.00 27.09
25.00 25.09 25.20 25.30 25.41 25.50 25.59 25.70 25.80 25.91 26.00 26.09 26.20 26.30 26.41 26.50 26.59 26.70 26.80 26.91 27.00 27.09 27.20 27.30 27.41 27.50 27.59 27.70 27.80 27.91 28.00 28.09
26.00 26.09 26.20 26.30 26.41 26.50 26.59 26.70 26.80 26.91 27.00 27.09 27.20 27.30 27.41 27.50 27.59 27.70 27.80 27.91 28.00 28.09 28.20 28.30 28.41 28.50 28.59 28.70 28.80 28.91 29.00 29.09
27.00 27.09 27.20 27.30 27.41 27.50 27.59 27.70 27.80 27.91 28.00 28.09 28.20 28.30 28.41 28.50 28.59 28.70 28.80 28.91 29.00 29.09 29.20 29.30 29.41 29.50 29.59 29.70 29.80 29.91 30.00 30.09
28.00 28.09 28.20 28.30 28.41 28.50 28.59 28.70 28.80 28.91 29.00 29.09 29.20 29.30 29.41 29.50 29.59 29.70 29.80 29.91 30.00 30.09 30.20 30.30 30.41 30.50 30.59 30.70 30.80 30.91 31.00 31.09
29.00 29.09 29.20 29.30 29.41 29.50 29.59 29.70 29.80 29.91 30.00 30.09 30.20 30.30 30.41 30.50 30.59 30.70 30.80 30.91 31.00 31.09 31.20 31.30 31.41 31.50 31.59 31.70 31.80 31.91 32.00 32.09
30.00 30.09 30.20 30.30 30.41 30.50 30.59 30.70 30.80 30.91 31.00 31.09 31.20 31.30 31.41 31.50 31.59 31.70 31.80 31.91 32.00 32.09 32.19 32.31 32.41 32.50 32.59 32.69 32.81 32.91 33.00 33.09
31.00 31.09 31.20 31.30 31.41 31.50 31.59 31.70 31.80 31.91 32.00 32.09 32.19 32.31 32.41 32.50 32.59 32.69 32.81 32.91 33.00 33.09 33.19 33.31 33.41 33.50 33.59 33.69 33.81 33.91 34.00 34.09
32.00 32.09 32.19 32.31 32.41 32.50 32.59 32.69 32.81 32.91 33.00 33.09 33.19 33.31 33.41 33.50 33.59 33.69 33.81 33.91 34.00 34.09 34.19 34.31 34.41 34.50 34.59 34.69 34.81 34.91 35.00 35.09
33.00 33.09 33.19 33.31 33.41 33.50 33.59 33.69 33.81 33.91 34.00 34.09 34.19 34.31 34.41 34.50 34.59 34.69 34.81 34.91 35.00 35.09 35.19 35.31 35.41 35.50 35.59 35.69 35.81 35.91 36.00 36.09
34.00 34.09 34.19 34.31 34.41 34.50 34.59 34.69 34.81 34.91 35.00 35.09 35.19 35.31 35.41 35.50 35.59 35.69 35.81 35.91 36.00 36.09 36.19 36.31 36.41 36.50 36.59 36.69 36.81 36.91 37.00 37.09
35.00 35.09 35.19 35.31 35.41 35.50 35.59 35.69 35.81 35.91 36.00 36.09 36.19 36.31 36.41 36.50 36.59 36.69 36.81 36.91 37.00 37.09 37.19 37.31 37.41 37.50 37.59 37.69 37.81 37.91 38.00 38.09
36.00 36.09 36.19 36.31 36.41 36.50 36.59 36.69 36.81 36.91 37.00 37.09 37.19 37.31 37.41 37.50 37.59 37.69 37.81 37.91 38.00 38.09 38.19 38.31 38.41 38.50 38.59 38.69 38.81 38.91 39.00 39.09
37.00 37.09 37.19 37.31 37.41 37.50 37.59 37.69 37.81 37.91 38.00 38.09 38.19 38.31 38.41 38.50 38.59 38.69 38.81 38.91 39.00 39.09 39.19 39.31 39.41 39.50 39.59 39.69 39.81 39.91 40.00 40.09
38.00 38.09 38.19 38.31 38.41 38.50 38.59 38.69 38.81 38.91 39.00 39.09 39.19 39.31 39.41 39.50 39.59 39.69 39.81 39.91 40.00 40.09 40.19 40.31 40.41 40.50 40.59 40.69 40.81 40.91 41.00 41.09
39.00 39.09 39.19 39.31 39.41 39.50 39.59 39.69 39.81 39.91 40.00 40.09 40.19 40.31 40.41 40.50 40.59 40.69 40.81 40.91 41.00 41.09 41.19 41.31 41.41 41.50 41.59 41.69 41.81 41.91 42.00 42.09
40.00 40.09 40.19 40.31 40.41 40.50 40.59 40.69 40.81 40.91 41.00 41.09 41.19 41.31 41.41 41.50 41.59 41.69 41.81 41.91 42.00 42.09 42.19 42.31 42.41 42.50 42.59 42.69 42.81 42.91 43.00 43.09
41.00 41.09 41.19 41.31 41.41 41.50 41.59 41.69 41.81 41.91 42.00 42.09 42.19 42.31 42.41 42.50 42.59 42.69 42.81 42.91 43.00 43.09 43.19 43.31 43.41 43.50 43.59 43.69 43.81 43.91 44.00 44.09
42.00 42.09 42.19 42.31 42.41 42.50 42.59 42.69 42.81 42.91 43.00 43.09 43.19 43.31 43.41 43.50 43.59 43.69 43.81 43.91 44.00 44.09 44.19 44.31 44.41 44.50 44.59 44.69 44.81 44.91 45.00 45.09
43.00 43.09 43.19 43.31 43.41 43.50 43.59 43.69 43.81 43.91 44.00 44.09 44.19 44.31 44.41 44.50 44.59 44.69 44.81 44.91 45.00 45.09 45.19 45.31 45.41 45.50 45.59 45.69 45.81 45.91 46.00 46.09
44.00 44.09 44.19 44.31 44.41 44.50 44.59 44.69 44.81 44.91 45.00 45.09 45.19 45.31 45.41 45.50 45.59 45.69 45.81 45.91 46.00 46.09 46.19 46.31 46.41 46.50 46.59 46.69 46.81 46.91 47.00 47.09
45.00 45.09 45.19 45.31 45.41 45.50 45.59 45.69 45.81 45.91 46.00 46.09 46.19 46.31 46.41 46.50 46.59 46.69 46.81 46.91 47.00 47.09 47.19 47.31 47.41 47.50 47.59 47.69 47.81 47.91 48.00 48.09
46.00 46.09 46.19 46.31 46.41 46.50 46.59 46.69 46.81 46.91 47.00 47.09 47.19 47.31 47.41 47.50 47.59 47.69 47.81 47.91 48.00 48.09 48.19 48.31 48.41 48.50 48.59 48.69 48.81 48.91 49.00 49.09
47.00 47.09 47.19 47.31 47.41 47.50 47.59 47.69 47.81 47.91 48.00 48.09 48.19 48.31 48.41 48.50 48.59 48.69 48.81 48.91 49.00 49.09 49.19 49.31 49.41 49.50 49.59 49.69 49.81 49.91 50.00 50.09
48.00 48.09 48.19 48.31 48.41 48.50 48.59 48.69 48.81 48.91 49.00 49.09 49.19 49.31 49.41 49.50 49.59 49.69 49.81 49.91 50.00 50.09 50.19 50.31 50.41 50.50 50.59 50.69 50.81 50.91 51.00 51.09
49.00 49.09 49.19 49.31 49.41 49.50 49.59 49.69 49.81 49.91 50.00 50.09 50.19 50.31 50.41 50.50 50.59 50.69 50.81 50.91 51.00 51.09 51.19 51.31 51.41 51.50 51.59 51.69 51.81 51.91 52.00 52.09
50.00 50.09 50.19 50.31 50.41 50.50 50.59 50.69 50.81 50.91 51.00 51.09 51.19 51.31 51.41 51.50 51.59 51.69 51.81 51.91 52.00 52.09 52.19 52.31 52.41 52.50 52.59 52.69 52.81 52.91 53.00 53.09
51.00 51.09 51.19 51.31 51.41 51.50 51.59 51.69 51.81 51.91 52.00 52.09 52.19 52.31 52.41 52.50 52.59 52.69 52.81 52.91 53.00 53.09 53.19 53.31 53.41 53.50 53.59 53.69 53.81 53.91 54.00 54.09
52.00 52.09 52.19 52.31 52.41 52.50 52.59 52.69 52.81 52.91 53.00 53.09 53.19 53.31 53.41 53.50 53.59 53.69 53.81 53.91 54.00 54.09 54.19 54.31 54.41 54.50 54.59 54.69 54.81 54.91 55.00 55.09
53.00 53.09 53.19 53.31 53.41 53.50 53.59 53.69 53.81 53.91 54.00 54.09 54.19 54.31 54.41 54.50 54.59 54.69 54.81 54.91 55.00 55.09 55.19 55.31 55.41 55.50 55.59 55.69 55.81 55.91 56.00 56.09
54.00 54.09 54.19 54.31 54.41 54.50 54.59 54.69 54.81 54.91 55.00 55.09 55.19 55.31 55.41 55.50 55.59 55.69 55.81 55.91 56.00 56.09 56.19 56.31 56.41 56.50 56.59 56.69 56.81 56.91 57.00 57.09
55.00 55.09 55.19 55.31 55.41 55.50 55.59 55.69 55.81 55.91 56.00 56.09 56.19 56.31 56.41 56.50 56.59 56.69 56.81 56.91 57.00 57.09 57.19 57.31 57.41 57.50 57.59 57.69 57.81 57.91 58.00 58.09
56.00 56.09 56.19 56.31 56.41 56.50 56.59 56.69 56.81 56.91 57.00 57.09 57.19 57.31 57.41 57.50 57.59 57.69 57.81 57.91 58.00 58.09 58.19 58.31 58.41 58.50 58.59 58.69 58.81 58.91 59.00 59.09
57.00 57.09 57.19 57.31 57.41 57.50 57.59 57.69 57.81 57.91 58.00 58.09 58.19 58.31 58.41 58.50 58.59 58.69 58.81 58.91 59.00 59.09 59.19 59.31 59.41 59.50 59.59 59.69 59.81 59.91 60.00 60.09
58.00 58.09 58.19 58.31 58.41 58.50 58.59 58.69 58.81 58.91 59.00 59.09 59.19 59.31 59.41 59.50 59.59 59.69 59.81 59.91 60.00 60.09 60.19 60.31 60.41 60.50 60.59 60.69 60.81 60.91 61.00 61.09
59.00 59.09 59.19 59.31 59.41 59.50 59.59 59.69 59.81 59.91 60.00 60.09 60.19 60.31 60.41 60.50 60.59 60.69 60.81 60.91 61.00 61.09 61.19 61.31 61.41 61.50 61.59 61.69 61.81 61.91 62.00 62.09
60.00 60.09 60.19 60.31 60.41 60.50 60.59 60.69 60.81 60.91 61.00 61.09 61.19 61.31 61.41 61.50 61.59 61.69 61.81 61.91 62.00 62.09 62.19 62.31 62.41 62.50 62.59 62.69 62.81 62.91 63.00 63.09
61.00 61.09 61.19 61.31 61.41 61.50 61.59 61.69 61.81 61.91 62.00 62.09 62.19 62.31 62.41 62.50 62.59 62.69 62.81 62.91 63.00 63.09 63.19 63.31 63.41 63.50 63.59 63.69 63.81 63.91 64.00 64.13
62.00 62.09 62.19 62.31 62.41 62.50 62.59 62.69 62.81 62.91 63.00 63.09 63.19 63.31 63.41 63.50 63.59 63.69 63.81 63.91 64.00 64.13 64.19 64.31 64.38 64.50 64.63 64.69 64.81 64.88 65.00 65.13
63.00 63.09 63.19 63.31 63.41 63.50 63.59 63.69 63.81 63.91 64.00 64.13 64.19 64.31 64.38 64.50 64.63 64.69 64.81 64.88 65.00 65.13 65.19 65.31 65.38 65.50 65.63 65.69 65.81 65.88 66.00 66.13
64.00 64.13 64.19 64.31 64.38 64.50 64.63 64.69 64.81 64.88 65.00 65.13 65.19 65.31 65.38 65.50 65.63 65.69 65.81 65.88 66.00 66.13 66.19 66.31 66.38 66.50 66.63 66.69 66.81 66.88 67.00 67.13
