10816.08 10841.41 10867.06 10897.91 10923.56 10948.88 10974.21 10999.86 11030.71 11056.36 11081.69 11107.21 11132.61 11163.57 11188.96 11214.49 11240.02 11265.41 11296.37 11321.76 11347.29 11373.02 11398.15 11429.22 11454.35 11480.09 11505.82 11530.95 11562.02 11587.15 11612.89 11638.83
12896.07 12927.53 12959.50 12997.44 13029.41 13060.87 13092.33 13124.31 13162.24 13194.21 13225.67 13257.37 13289.04 13327.11 13358.78 13390.47 13422.17 13453.84 13491.91 13523.58 13555.27 13587.20 13618.57 13656.78 13688.15 13720.07 13752.00 13783.37 13821.58 13852.95 13884.88 13917.03
14976.05 15013.66 15051.94 15096.96 15135.25 15172.85 15210.46 15248.74 15293.76 15332.05 15369.65 15407.52 15445.46 15490.64 15528.59 15566.45 15604.32 15642.26 15687.44 15725.39 15763.25 15801.38 15838.99 15884.32 15921.93 15960.05 15998.18 16035.79 16081.12 16118.73 16156.86 16195.23
17056.03 17099.78 17144.38 17196.48 17241.08 17284.83 17328.58 17373.18 17425.28 17469.88 17513.63 17557.67 17601.89 17654.18 17698.40 17742.43 17786.47 17830.69 17882.98 17927.20 17971.23 18015.55 18059.40 18111.87 18155.72 18200.04 18244.35 18288.20 18340.67 18384.52 18428.84 18473.43
19136.02 19185.91 19236.83 19296.02 19346.93 19396.82 19446.71 19497.63 19556.82 19607.73 19657.63 19707.83 19758.33 19817.72 19868.22 19918.43 19968.63 20019.13 20078.53 20129.03 20179.23 20229.74 20279.83 20339.43 20389.52 20440.03 20490.54 20540.63 20600.23 20650.32 20700.83 20751.64
21216.02 21272.05 21329.28 21395.55 21452.78 21508.82 21564.85 21622.08 21688.35 21745.58 21801.62 21857.99 21914.76 21981.27 22038.05 22094.42 22150.79 22207.56 22274.07 22330.85 22387.22 22443.92 22500.25 22566.99 22623.32 22680.02 22736.72 22793.05 22859.79 22916.12 22972.82 23029.85
23296.01 23358.18 23421.73 23495.08 23558.63 23620.81 23682.98 23746.53 23819.88 23883.43 23945.61 24008.15 24071.20 24144.82 24207.87 24270.41 24332.95 24396.00 24469.62 24532.67 24595.21 24658.11 24720.68 24794.54 24857.12 24920.01 24982.91 25045.48 25119.35 25181.92 25244.81 25308.06
25376.00 25444.32 25514.18 25594.62 25664.48 25732.80 25801.12 25870.98 25951.42 26021.28 26089.60 26158.31 26227.64 26308.37 26377.70 26446.40 26515.11 26584.44 26665.17 26734.50 26803.20 26872.29 26941.10 27022.10 27090.91 27160.00 27229.09 27297.90 27378.90 27447.71 27516.80 27586.28
27456.00 27530.46 27606.64 27694.16 27770.34 27844.80 27919.26 27995.44 28082.96 28159.14 28233.60 28308.47 28384.08 28471.92 28547.53 28622.40 28697.28 28772.88 28860.72 28936.33 29011.20 29086.49 29161.54 29249.67 29324.72 29400.00 29475.29 29550.34 29638.47 29713.52 29788.80 29864.49
29535.52 29616.12 29698.61 29793.21 29875.71 29956.31 30036.92 30119.41 30214.01 30296.51 30377.11 30458.15 30540.04 30634.98 30716.87 30797.91 30878.95 30960.83 31055.78 31137.66 31218.70 31300.18 31381.47 31476.73 31558.03 31639.50 31720.97 31802.27 31897.53 31978.82 32060.30 32142.20
31615.56 31702.31 31791.12 31892.80 31981.61 32068.36 32155.11 32243.91 32345.60 32434.41 32521.16 32608.37 32696.53 32798.58 32886.75 32973.95 33061.16 33149.32 33251.38 33339.54 33426.75 33514.42 33601.95 33704.35 33791.88 33879.55 33967.21 34054.75 34157.14 34244.68 34332.34 34420.47
33695.61 33788.50 33883.62 33992.39 34087.52 34180.41 34273.29 34368.42 34477.19 34572.32 34665.20 34758.58 34853.02 34962.18 35056.63 35150.00 35243.38 35337.82 35446.98 35541.42 35634.80 35728.66 35822.43 35931.96 36025.73 36119.59 36213.46 36307.23 36416.76 36510.53 36604.39 36698.73
35775.66 35874.69 35976.13 36091.98 36193.42 36292.45 36391.48 36492.93 36608.78 36710.22 36809.25 36908.79 37009.51 37125.79 37226.50 37326.05 37425.59 37526.31 37642.58 37743.30 37842.84 37942.90 38042.91 38159.57 38259.59 38359.64 38459.70 38559.71 38676.37 38776.38 38876.44 38977.00
37855.70 37960.88 38068.63 38191.57 38299.33 38404.50 38509.67 38617.43 38740.37 38848.13 38953.30 39059.01 39166.00 39289.39 39396.38 39502.09 39607.80 39714.80 39838.18 39945.18 40050.89 40157.14 40263.39 40387.19 40493.44 40599.69 40705.94 40812.19 40935.98 41042.23 41148.48 41255.27
39935.75 40047.07 40161.14 40291.16 40405.23 40516.55 40627.86 40741.93 40871.96 40986.03 41097.34 41209.22 41322.50 41452.99 41566.26 41678.14 41790.02 41903.29 42033.79 42147.06 42258.94 42371.38 42483.87 42614.80 42727.29 42839.73 42952.18 43064.67 43195.60 43308.09 43420.53 43533.53
42015.80 42133.25 42253.64 42390.75 42511.14 42628.59 42746.05 42866.44 43003.55 43123.93 43241.39 43359.44 43478.99 43616.59 43736.14 43854.19 43972.23 44091.79 44229.39 44348.94 44466.98 44585.62 44704.35 44842.41 44961.14 45079.78 45198.42 45317.15 45455.21 45573.94 45692.58 45811.80
44095.80 44219.40 44346.10 44490.29 44616.99 44740.59 44864.20 44990.90 45135.09 45261.79 45385.39 45509.61 45635.43 45780.14 45905.97 46030.19 46154.40 46280.23 46424.94 46550.77 46674.98 46799.81 46924.79 47069.98 47194.95 47319.78 47444.61 47569.58 47714.78 47839.75 47964.58 48090.02
46175.80 46305.54 46438.56 46589.83 46722.85 46852.59 46982.34 47115.36 47266.63 47399.65 47529.39 47659.77 47791.88 47943.70 48075.80 48206.19 48336.57 48468.68 48620.50 48752.60 48882.98 49014.01 49145.22 49297.55 49428.76 49559.78 49690.80 49822.02 49974.34 50105.55 50236.58 50368.23
48255.80 48391.68 48531.02 48689.38 48828.71 48964.59 49100.48 49239.81 49398.17 49537.50 49673.39 49809.94 49948.32 50107.25 50245.64 50382.19 50518.74 50657.12 50816.05 50954.43 51090.98 51228.20 51365.65 51525.11 51662.57 51799.78 51937.00 52074.45 52233.91 52371.36 52508.58 52646.45
50335.80 50477.82 50623.47 50788.92 50934.57 51076.59 51218.62 51364.27 51529.71 51675.36 51817.39 51960.11 52104.77 52270.81 52415.47 52558.19 52700.91 52845.57 53011.61 53156.27 53298.98 53442.39 53586.09 53752.68 53896.37 54039.78 54183.19 54326.88 54493.48 54637.17 54780.58 54924.67
52415.80 52563.97 52715.93 52888.46 53040.42 53188.59 53336.77 53488.73 53661.25 53813.22 53961.39 54110.28 54261.21 54434.36 54585.30 54734.19 54883.07 55034.01 55207.16 55358.10 55506.98 55656.59 55806.52 55980.25 56130.18 56279.78 56429.38 56579.32 56753.04 56902.98 57052.58 57202.89
54495.80 54650.11 54808.39 54988.00 55146.28 55300.59 55454.91 55613.19 55792.80 55951.08 56105.39 56260.45 56417.66 56597.92 56755.13 56910.19 57065.24 57222.46 57402.71 57559.93 57714.98 57870.78 58026.95 58207.81 58363.98 58519.78 58675.58 58831.75 59012.61 59168.78 59324.58 59481.11
56575.80 56736.25 56900.85 57087.54 57252.14 57412.59 57573.05 57737.64 57924.34 58088.93 58249.39 58410.61 58574.11 58761.47 58924.96 59086.19 59247.41 59410.90 59598.27 59761.76 59922.98 60084.97 60247.39 60435.38 60597.79 60759.78 60921.77 61084.18 61272.18 61434.59 61596.58 61759.33
58655.80 58822.39 58993.30 59187.09 59358.00 59524.59 59691.19 59862.10 60055.88 60226.79 60393.39 60560.78 60730.55 60925.03 61094.80 61262.19 61429.58 61599.35 61793.82 61963.59 62130.98 62299.17 62467.82 62662.95 62831.60 62999.78 63167.96 63336.62 63531.74 63700.39 63868.58 64037.55
60735.80 60908.54 61085.77 61286.63 61463.85 61636.59 61809.34 61986.56 62187.42 62364.65 62537.39 62710.95 62887.00 63088.58 63264.63 63438.19 63611.75 63787.79 63989.38 64165.43 64338.98 64513.36 64688.25 64890.51 65065.41 65239.78 65414.16 65589.05 65791.31 65966.20 66140.58 66315.77
62815.81 62994.70 63178.24 63386.18 63569.72 63748.61 63927.50 64111.04 64318.98 64502.52 64681.41 64861.13 65043.46 65252.15 65434.48 65614.20 65793.93 65976.25 66184.95 66367.27 66547.00 66727.57 66908.70 67118.09 67299.23 67479.80 67660.37 67841.50 68050.89 68232.02 68412.59 68594.00
64895.84 65080.87 65270.73 65485.76 65675.61 65860.64 66045.67 66235.52 66450.55 66640.41 66825.44 67011.34 67199.94 67415.73 67604.34 67790.23 67976.13 68164.73 68380.53 68569.13 68755.03 68941.80 69129.16 69345.70 69533.06 69719.83 69906.59 70093.96 70310.49 70497.86 70684.63 70872.25
66975.88 67167.05 67363.22 67585.33 67781.50 67972.67 68163.84 68360.02 68582.13 68778.30 68969.47 69161.53 69356.41 69579.33 69774.20 69966.27 70158.33 70353.20 70576.13 70771.00 70963.06 71156.02 71349.63 71573.29 71766.91 71959.86 72152.81 72346.43 72570.09 72763.70 72956.66 73150.50
69055.91 69253.22 69455.70 69684.91 69887.39 70084.70 70282.02 70484.50 70713.70 70916.19 71113.50 71311.73 71512.89 71742.91 71944.06 72142.30 72340.53 72541.69 72771.70 72972.86 73171.09 73370.24 73570.09 73800.89 74000.74 74199.89 74399.04 74598.89 74829.69 75029.54 75228.69 75428.75
71135.94 71339.39 71548.20 71784.48 71993.28 72196.73 72400.19 72608.99 72845.27 73054.08 73257.53 73461.93 73669.36 73906.50 74113.93 74318.33 74522.73 74730.16 74967.30 75174.73 75379.13 75584.47 75790.56 76028.48 76234.58 76439.92 76645.27 76851.36 77089.28 77295.38 77500.72 77707.00
73215.97 73425.57 73640.69 73884.05 74099.16 74308.77 74518.37 74733.48 74976.84 75191.96 75401.56 75612.13 75825.84 76070.08 76283.79 76494.36 76704.93 76918.64 77162.88 77376.59 77587.16 77798.70 78011.02 78256.09 78468.41 78679.95 78891.49 79103.82 79348.88 79561.21 79772.75 79985.25
75296.00 75511.74 75733.17 75983.63 76205.05 76420.80 76636.54 76857.97 77108.42 77329.85 77545.59 77762.33 77982.31 78233.67 78453.66 78670.39 78887.13 79107.11 79358.47 79578.45 79795.19 80012.91 80231.49 80483.68 80702.26 80919.98 81137.71 81356.29 81608.48 81827.05 82044.78 82263.50
